1 25
280 111 245 201 120 427 40 358 220 186 186 182 194 424 58 162 465 213 337 132 115 168 67 412 140 
427 321 263 42 128 240 321 90 485 374 209 263 265 419 482 303 104 16 496 380 73 10 344 138 346 
327 252 13 245 15 4 171 335 266 212 315 358 385 404 194 258 465 456 22 383 437 324 338 452 172 
217 377 181 413 14 26 91 117 390 188 132 393 358 318 159 422 132 368 306 388 61 63 352 16 436 
86 304 112 423 256 283 492 484 315 256 497 340 198 465 81 385 96 325 243 266 335 16 249 202 321 
136 262 235 339 277 22 424 81 133 199 188 267 190 171 81 297 19 272 494 483 204 379 431 29 473 
196 363 488 296 65 160 284 326 246 122 455 267 398 387 252 96 426 18 137 96 451 285 114 222 278 
96 426 8 378 306 332 425 168 171 221 84 330 4 262 427 125 216 194 374 454 297 469 379 166 457 
326 116 241 439 190 371 386 467 378 116 272 62 40 291 232 260 375 414 263 136 340 240 203 385 113 
8 181 434 386 347 390 211 314 131 1 355 353 238 321 230 353 444 291 393 235 23 152 461 288 267 
96 127 358 150 364 470 157 44 403 394 242 145 456 408 127 308 262 479 45 435 60 398 378 351 142 
464 225 145 424 364 411 371 490 268 372 353 90 380 249 344 273 342 488 80 101 466 387 363 444 432 
149 356 181 378 206 322 342 282 318 117 145 229 488 486 348 359 191 437 91 291 133 363 484 472 295 
85 438 181 299 233 112 447 88 144 324 145 317 17 278 135 134 274 215 473 112 62 183 302 351 273 
444 483 136 427 306 430 363 243 462 161 328 426 459 415 69 135 412 238 3 189 372 136 315 86 108 
426 499 291 79 349 63 22 183 50 448 489 331 163 83 293 175 410 70 134 177 138 120 440 375 122 
480 98 258 294 183 217 219 182 7 297 382 422 170 65 471 470 405 154 132 487 298 306 249 367 291 
277 356 410 216 231 384 47 328 493 341 363 209 411 396 68 60 277 489 81 193 311 50 97 316 181 
436 113 339 36 479 129 312 335 391 379 417 274 277 96 266 117 458 326 380 205 393 291 482 381 371 
174 44 421 123 359 453 58 472 143 445 302 272 256 488 14 486 404 139 262 352 404 231 161 229 462 
366 122 252 199 354 122 372 249 394 346 108 199 255 431 341 199 232 464 306 72 477 291 327 115 405 
178 370 487 339 451 448 56 424 199 254 277 172 477 26 66 323 485 116 77 415 456 128 498 420 433 
69 248 76 396 363 332 425 232 318 115 34 265 170 457 315 423 234 486 400 111 403 74 447 18 2 
361 326 129 210 245 414 131 492 341 378 206 172 302 290 489 417 323 105 86 280 419 361 365 404 112 
327 159 185 273 176 38 485 1 19 194 97 432 176 441 272 53 146 295 207 435 283 123 110 239 60 
